-160.000000 -50.000000
-100.000000 -50.000000
100.000000 -50.000000
-54.479180 -47.669664
-120.000000 -50.000000
-54.597700 -46.629638
75.773817 -59.063078
-80.000000 -50.000000
-53.875036 -53.922415
19.521199 -64.339411
7.172560 -57.608798
-140.000000 -50.000000
120.000000 -50.000000
36.755996 -99.846928
140.000000 -50.000000
-60.000000 -50.000000
0
140.000000 60.000000
40.000000 70.000000
20.000000 80.000000
40.000000 10.000000
130.000000 0.000000
90.000000 120.000000
110.000000 0.000000
80.000000 50.000000
30.000000 40.000000
40.000000 130.000000
60.000000 0.000000
140.000000 50.000000
10.000000 110.000000
140.000000 0.000000
30.000000 30.000000
40.000000 50.000000
